[[array([0. , 1. , 0. , 0. , 1.5, 0. , 0. , 0. , 0. , 0. , 0. ]), array([ 0.   ,  1.   ,  0.   ,  0.   ,  1.5  ,  0.   , -0.049,  0.   ,
        0.   ,  0.   ,  0.   ]), array([ 0.      ,  0.999755,  0.      ,  0.      ,  1.5     ,  0.      ,
       -0.098   ,  0.      ,  0.      ,  0.      ,  0.      ]), array([ 0.      ,  0.999265,  0.      ,  0.      ,  1.5     ,  0.      ,
       -0.147   ,  0.      ,  0.      ,  0.      ,  0.      ]), array([ 0.     ,  0.99853,  0.     ,  0.     ,  1.5    ,  0.     ,
       -0.196  ,  0.     ,  0.     ,  0.     ,  0.     ]), array([ 0.     ,  0.99755,  0.     ,  0.     ,  1.5    ,  0.     ,
       -0.245  ,  0.     ,  0.     ,  0.     ,  0.     ]), array([ 0.      ,  0.996325,  0.      ,  0.      ,  1.5     ,  0.      ,
       -0.294   ,  0.      ,  0.      ,  0.      ,  0.      ]), array([ 0.      ,  0.994855,  0.      ,  0.      ,  1.5     ,  0.      ,
       -0.343   ,  0.      ,  0.      ,  0.      ,  0.      ]), array([ 0.     ,  0.99314,  0.     ,  0.     ,  1.5    ,  0.     ,
       -0.392  ,  0.     ,  0.     ,  0.     ,  0.     ]), array([ 0.     ,  0.99118,  0.     ,  0.     ,  1.5    ,  0.     ,
       -0.441  ,  0.     ,  0.     ,  0.     ,  0.     ]), array([ 0.      ,  0.988975,  0.      ,  0.      ,  1.5     ,  0.      ,
       -0.49    ,  0.      ,  0.      ,  0.      ,  0.      ]), array([ 0.      ,  0.986525,  0.      ,  0.      ,  1.5     ,  0.      ,
       -0.539   ,  0.      ,  0.      ,  0.      ,  0.      ]), array([ 0.     ,  0.98383,  0.     ,  0.     ,  1.5    ,  0.     ,
       -0.588  ,  0.     ,  0.     ,  0.     ,  0.     ]), array([ 0.     ,  0.98089,  0.     ,  0.     ,  1.5    ,  0.     ,
       -0.637  ,  0.     ,  0.     ,  0.     ,  0.     ]), array([ 0.      ,  0.977705,  0.      ,  0.      ,  1.5     ,  0.      ,
       -0.686   ,  0.      ,  0.      ,  0.      ,  0.      ]), array([ 0.      ,  0.974275,  0.      ,  0.      ,  1.5     ,  0.      ,
       -0.735   ,  0.      ,  0.      ,  0.      ,  0.      ]), array([ 0.    ,  0.9706,  0.    ,  0.    ,  1.5   ,  0.    , -0.784 ,
        0.    ,  0.    ,  0.    ,  0.    ]), array([ 0.     ,  0.96668,  0.     ,  0.     ,  1.5    ,  0.     ,
       -0.833  ,  0.     ,  0.     ,  0.     ,  0.     ]), array([ 0.      ,  0.962515,  0.      ,  0.      ,  1.5     ,  0.      ,
       -0.882   ,  0.      ,  0.      ,  0.      ,  0.      ]), array([ 0.      ,  0.958105,  0.      ,  0.      ,  1.5     ,  0.      ,
       -0.931   ,  0.      ,  0.      ,  0.      ,  0.      ]), array([ 0.     ,  0.95345,  0.     ,  0.     ,  1.5    ,  0.     ,
       -0.98   ,  0.     ,  0.     ,  0.     ,  0.     ]), array([ 0.     ,  0.94855,  0.     ,  0.     ,  1.5    ,  0.     ,
       -1.029  ,  0.     ,  0.     ,  0.     ,  0.     ]), array([ 0.      ,  0.943405,  0.      ,  0.      ,  1.5     ,  0.      ,
       -1.078   ,  0.      ,  0.      ,  0.      ,  0.      ]), array([ 0.      ,  0.938015,  0.      ,  0.      ,  1.5     ,  0.      ,
       -1.127   ,  0.      ,  0.      ,  0.      ,  0.      ]), array([ 0.     ,  0.93238,  0.     ,  0.     ,  1.5    ,  0.     ,
       -1.176  ,  0.     ,  0.     ,  0.     ,  0.     ]), array([ 0.    ,  0.9265,  0.    ,  0.    ,  1.5   ,  0.    , -1.225 ,
        0.    ,  0.    ,  0.    ,  0.    ]), array([ 0.      ,  0.920375,  0.      ,  0.      ,  1.5     ,  0.      ,
       -1.274   ,  0.      ,  0.      ,  0.      ,  0.      ]), array([ 0.      ,  0.914005,  0.      ,  0.      ,  1.5     ,  0.      ,
       -1.323   ,  0.      ,  0.      ,  0.      ,  0.      ]), array([ 0.     ,  0.90739,  0.     ,  0.     ,  1.5    ,  0.     ,
       -1.372  ,  0.     ,  0.     ,  0.     ,  0.     ]), array([ 0.     ,  0.90053,  0.     ,  0.     ,  1.5    ,  0.     ,
       -1.421  ,  0.     ,  0.     ,  0.     ,  0.     ]), array([ 0.      ,  0.893425,  0.      ,  0.      ,  1.5     ,  0.      ,
       -1.47    ,  0.      ,  0.      ,  0.      ,  0.      ]), array([ 0.      ,  0.886075,  0.      ,  0.      ,  1.5     ,  0.      ,
       -1.519   ,  0.      ,  0.      ,  0.      ,  0.      ]), array([ 0.     ,  0.87848,  0.     ,  0.     ,  1.5    ,  0.     ,
       -1.568  ,  0.     ,  0.     ,  0.     ,  0.     ]), array([ 0.     ,  0.87064,  0.     ,  0.     ,  1.5    ,  0.     ,
       -1.617  ,  0.     ,  0.     ,  0.     ,  0.     ]), array([ 0.      ,  0.862555,  0.      ,  0.      ,  1.5     ,  0.      ,
       -1.666   ,  0.      ,  0.      ,  0.      ,  0.      ]), array([ 0.      ,  0.854225,  0.      ,  0.      ,  1.5     ,  0.      ,
       -1.715   ,  0.      ,  0.      ,  0.      ,  0.      ]), array([ 0.     ,  0.84565,  0.     ,  0.     ,  1.5    ,  0.     ,
       -1.764  ,  0.     ,  0.     ,  0.     ,  0.     ]), array([ 0.     ,  0.83683,  0.     ,  0.     ,  1.5    ,  0.     ,
       -1.813  ,  0.     ,  0.     ,  0.     ,  0.     ]), array([ 0.      ,  0.827765,  0.      ,  0.      ,  1.5     ,  0.      ,
       -1.862   ,  0.      ,  0.      ,  0.      ,  0.      ]), array([ 0.      ,  0.818455,  0.      ,  0.      ,  1.5     ,  0.      ,
       -1.911   ,  0.      ,  0.      ,  0.      ,  0.      ]), array([ 0.    ,  0.8089,  0.    ,  0.    ,  1.5   ,  0.    , -1.96  ,
        0.    ,  0.    ,  0.    ,  0.    ]), array([ 0.    ,  0.7991,  0.    ,  0.    ,  1.5   ,  0.    , -2.009 ,
        0.    ,  0.    ,  0.    ,  0.    ]), array([ 0.      ,  0.789055,  0.      ,  0.      ,  1.5     ,  0.      ,
       -2.058   ,  0.      ,  0.      ,  0.      ,  0.      ]), array([ 0.      ,  0.778765,  0.      ,  0.      ,  1.5     ,  0.      ,
       -2.107   ,  0.      ,  0.      ,  0.      ,  0.      ]), array([ 0.     ,  0.76823,  0.     ,  0.     ,  1.5    ,  0.     ,
       -2.156  ,  0.     ,  0.     ,  0.     ,  0.     ]), array([ 0.     ,  0.75745,  0.     ,  0.     ,  1.5    ,  0.     ,
       -2.205  ,  0.     ,  0.     ,  0.     ,  0.     ]), array([ 0.      ,  0.746425,  0.      ,  0.      ,  1.5     ,  0.      ,
       -2.254   ,  0.      ,  0.      ,  0.      ,  0.      ]), array([ 0.      ,  0.735155,  0.      ,  0.      ,  1.5     ,  0.      ,
       -2.303   ,  0.      ,  0.      ,  0.      ,  0.      ]), array([ 0.     ,  0.72364,  0.     ,  0.     ,  1.5    ,  0.     ,
       -2.352  ,  0.     ,  0.     ,  0.     ,  0.     ]), array([ 0.     ,  0.71188,  0.     ,  0.     ,  1.5    ,  0.     ,
       -2.401  ,  0.     ,  0.     ,  0.     ,  0.     ]), array([ 0.      ,  0.699875,  0.      ,  0.      ,  1.5     ,  0.      ,
       -2.45    ,  0.      ,  0.      ,  0.      ,  0.      ]), array([ 0.      ,  0.687625,  0.      ,  0.      ,  1.5     ,  0.      ,
       -2.499   ,  0.      ,  0.      ,  0.      ,  0.      ]), array([ 0.     ,  0.67513,  0.     ,  0.     ,  1.5    ,  0.     ,
       -2.548  ,  0.     ,  0.     ,  0.     ,  0.     ]), array([ 0.     ,  0.66239,  0.     ,  0.     ,  1.5    ,  0.     ,
       -2.597  ,  0.     ,  0.     ,  0.     ,  0.     ]), array([ 0.      ,  0.649405,  0.      ,  0.      ,  1.5     ,  0.      ,
       -2.646   ,  0.      ,  0.      ,  0.      ,  0.      ]), array([ 0.      ,  0.636175,  0.      ,  0.      ,  1.5     ,  0.      ,
       -2.695   ,  0.      ,  0.      ,  0.      ,  0.      ]), array([ 0.    ,  0.6227,  0.    ,  0.    ,  1.5   ,  0.    , -2.744 ,
        0.    ,  0.    ,  0.    ,  0.    ]), array([ 0.     ,  0.60898,  0.     ,  0.     ,  1.5    ,  0.     ,
       -2.793  ,  0.     ,  0.     ,  0.     ,  0.     ]), array([ 0.      ,  0.595015,  0.      ,  0.      ,  1.5     ,  0.      ,
       -2.842   ,  0.      ,  0.      ,  0.      ,  0.      ]), array([ 0.      ,  0.580805,  0.      ,  0.      ,  1.5     ,  0.      ,
       -2.891   ,  0.      ,  0.      ,  0.      ,  0.      ]), array([ 0.     ,  0.56635,  0.     ,  0.     ,  1.5    ,  0.     ,
       -2.94   ,  0.     ,  0.     ,  0.     ,  0.     ]), array([ 0.     ,  0.55165,  0.     ,  0.     ,  1.5    ,  0.     ,
       -2.989  ,  0.     ,  0.     ,  0.     ,  0.     ]), array([ 0.      ,  0.536705,  0.      ,  0.      ,  1.5     ,  0.      ,
       -3.038   ,  0.      ,  0.      ,  0.      ,  0.      ]), array([ 0.      ,  0.521515,  0.      ,  0.      ,  1.5     ,  0.      ,
       -3.087   ,  0.      ,  0.      ,  0.      ,  0.      ]), array([ 0.     ,  0.50608,  0.     ,  0.     ,  1.5    ,  0.     ,
       -3.136  ,  0.     ,  0.     ,  0.     ,  0.     ]), array([ 0.    ,  0.4904,  0.    ,  0.    ,  1.5   ,  0.    , -3.185 ,
        0.    ,  0.    ,  0.    ,  0.    ]), array([ 0.      ,  0.474475,  0.      ,  0.      ,  1.5     ,  0.      ,
       -3.234   ,  0.      ,  0.      ,  0.      ,  0.      ]), array([ 0.      ,  0.458305,  0.      ,  0.      ,  1.5     ,  0.      ,
       -3.283   ,  0.      ,  0.      ,  0.      ,  0.      ]), array([ 0.     ,  0.44189,  0.     ,  0.     ,  1.5    ,  0.     ,
       -3.332  ,  0.     ,  0.     ,  0.     ,  0.     ]), array([ 0.     ,  0.42523,  0.     ,  0.     ,  1.5    ,  0.     ,
       -3.381  ,  0.     ,  0.     ,  0.     ,  0.     ]), array([ 0.      ,  0.408325,  0.      ,  0.      ,  1.5     ,  0.      ,
       -3.43    ,  0.      ,  0.      ,  0.      ,  0.      ]), array([ 0.      ,  0.391175,  0.      ,  0.      ,  1.5     ,  0.      ,
       -3.479   ,  0.      ,  0.      ,  0.      ,  0.      ]), array([ 0.     ,  0.37378,  0.     ,  0.     ,  1.5    ,  0.     ,
       -3.528  ,  0.     ,  0.     ,  0.     ,  0.     ]), array([ 0.     ,  0.35614,  0.     ,  0.     ,  1.5    ,  0.     ,
       -3.577  ,  0.     ,  0.     ,  0.     ,  0.     ]), array([ 0.      ,  0.338255,  0.      ,  0.      ,  1.5     ,  0.      ,
       -3.626   ,  0.      ,  0.      ,  0.      ,  0.      ]), array([ 0.      ,  0.320125,  0.      ,  0.      ,  1.5     ,  0.      ,
       -3.675   ,  0.      ,  0.      ,  0.      ,  0.      ]), array([ 0.     ,  0.30175,  0.     ,  0.     ,  1.5    ,  0.     ,
       -3.724  ,  0.     ,  0.     ,  0.     ,  0.     ]), array([ 0.     ,  0.28313,  0.     ,  0.     ,  1.5    ,  0.     ,
       -3.773  ,  0.     ,  0.     ,  0.     ,  0.     ]), array([ 0.      ,  0.264265,  0.      ,  0.      ,  1.5     ,  0.      ,
       -3.822   ,  0.      ,  0.      ,  0.      ,  0.      ]), array([ 0.      ,  0.245155,  0.      ,  0.      ,  1.5     ,  0.      ,
       -3.871   ,  0.      ,  0.      ,  0.      ,  0.      ]), array([ 0.    ,  0.2258,  0.    ,  0.    ,  1.5   ,  0.    , -3.92  ,
        0.    ,  0.    ,  0.    ,  0.    ]), array([ 0.    ,  0.2062,  0.    ,  0.    ,  1.5   ,  0.    , -3.969 ,
        0.    ,  0.    ,  0.    ,  0.    ]), array([ 0.      ,  0.186355,  0.      ,  0.      ,  1.5     ,  0.      ,
       -4.018   ,  0.      ,  0.      ,  0.      ,  0.      ]), array([ 0.      ,  0.166265,  0.      ,  0.      ,  1.5     ,  0.      ,
       -4.067   ,  0.      ,  0.      ,  0.      ,  0.      ]), array([ 0.     ,  0.14593,  0.     ,  0.     ,  1.5    ,  0.     ,
       -4.116  ,  0.     ,  0.     ,  0.     ,  0.     ]), array([ 0.     ,  0.12535,  0.     ,  0.     ,  1.5    ,  0.     ,
       -4.165  ,  0.     ,  0.     ,  0.     ,  0.     ]), array([ 0.      ,  0.104525,  0.      ,  0.      ,  1.5     ,  0.      ,
       -4.214   ,  0.      ,  0.      ,  0.      ,  0.      ]), array([ 0.      ,  0.083455,  0.      ,  0.      ,  1.5     ,  0.      ,
       -4.263   ,  0.      ,  0.      ,  0.      ,  0.      ]), array([ 0.     ,  0.06214,  0.     ,  0.     ,  1.5    ,  0.     ,
       -4.312  ,  0.     ,  0.     ,  0.     ,  0.     ]), array([ 0.     ,  0.04058,  0.     ,  0.     ,  1.5    ,  0.     ,
       -4.361  ,  0.     ,  0.     ,  0.     ,  0.     ]), array([ 0.      ,  0.018775,  0.      ,  0.      ,  1.5     ,  0.      ,
       -4.41    ,  0.      ,  0.      ,  0.      ,  0.      ]), array([ 0.000e+00, -3.275e-03,  0.000e+00,  0.000e+00,  1.500e+00,
        0.000e+00, -4.459e+00,  0.000e+00,  0.000e+00,  0.000e+00,
        0.000e+00])], [array([ 6.16667613e-16, -1.09441613e-01, -7.95693652e-16,  8.78754169e-18,
        1.42161017e+00,  1.51708408e-14,  9.78814283e-01, -3.53738771e-14,
        5.02145239e-16, -5.70481288e+00,  0.00000000e+00])], [array([ 3.50120432e-03, -4.93124273e-02, -5.20322375e-03,  4.49581695e-05,
        1.18302218e+00,  9.75053000e-02, -2.52498186e-01, -2.46755461e-01,
        2.56903826e-03, -3.57048802e+00,  0.00000000e+00])], [array([-5.86331665e-02, -1.38201729e-01,  8.69287273e-02, -5.52280300e-04,
        1.15015913e+00, -1.62306648e+00, -2.14661971e+00,  3.97524600e+00,
       -3.74309617e-02,  1.27467340e-01,  0.00000000e+00])], [array([-1.15155817e-01, -1.47280451e-01,  2.99683538e-01, -2.74951877e-03,
        1.12543853e+00, -1.22409890e+00,  1.96368227e+00,  7.33116341e+00,
       -7.74309617e-02, -8.43772644e-01,  0.00000000e+00])], [array([-1.56481173e-01, -1.30217301e-02,  6.61454176e-01, -6.54675724e-03,
        1.12477787e+00, -6.50856143e-01,  5.55354737e+00,  1.12981402e+01,
       -1.17430962e-01,  1.04237011e+00,  0.00000000e+00])], [array([-0.01323509,  0.05994353,  0.87362446, -0.01063027,  1.21703739,
       10.10243174, -5.15697867, -4.50549414, -0.07069947,  2.48217488,
        0.        ]), array([ 3.72770688e-02,  3.41586356e-02,  8.51096993e-01, -1.09837675e-02,
        1.22944826e+00,  1.14425426e+01, -6.64844193e+00, -6.35237850e+00,
       -6.40664570e-02,  2.48417179e+00,  0.00000000e+00]), array([ 9.44897817e-02,  9.16425965e-04,  8.19335100e-01, -1.13040998e-02,
        1.24186912e+00,  1.27526142e+01, -8.03252530e+00, -8.04682601e+00,
       -5.77799392e-02,  2.60605282e+00,  0.00000000e+00]), array([ 1.58252853e-01, -3.92462005e-02,  7.79100970e-01, -1.15929995e-02,
        1.25489939e+00,  1.40443852e+01, -9.29122709e+00, -9.58425089e+00,
       -5.18566776e-02,  2.86649906e+00,  0.00000000e+00])], [array([ 0.28095691, -0.60006988,  0.51838704, -0.01170727,  1.89321378,
        3.25957088,  4.72507268, -0.9399586 ,  0.06014332, -0.56563124,
        0.        ])], [array([ 1.90832149,  0.84899641, -0.38033878,  0.01984468,  2.17969306,
        5.51166043,  4.83728996, -2.26878778,  0.11084729,  1.46943691,
        0.        ]), array([ 1.87868632,  0.82556885, -0.36802064,  0.01928263,  2.1706546 ,
        5.92703439,  4.68551168, -2.46362642,  0.11241106,  1.80769133,
        0.        ]), array([ 1.87868632,  0.82556885, -0.36802064,  0.01928263,  2.1706546 ,
        5.92703439,  4.68551168, -2.46362642,  0.11241106,  1.80769133,
        0.        ]), array([ 1.84693067,  0.80303143, -0.35468317,  0.01871266,  2.15983926,
        6.35112934,  4.50748419, -2.66749482,  0.11399227,  2.16306756,
        0.        ]), array([ 1.84693067,  0.80303143, -0.35468317,  0.01871266,  2.15983926,
        6.35112934,  4.50748419, -2.66749482,  0.11399227,  2.16306756,
        0.        ]), array([ 1.81301783,  0.78152352, -0.34027685,  0.01813473,  2.14716387,
        6.78256907,  4.30158076, -2.88126351,  0.11558722,  2.53507826,
        0.        ]), array([ 1.81301783,  0.78152352, -0.34027685,  0.01813473,  2.14716387,
        6.78256907,  4.30158076, -2.88126351,  0.11558722,  2.53507826,
        0.        ]), array([ 1.77691931,  0.76119251, -0.32474736,  0.01754877,  2.13254883,
        7.21970408,  4.06620292, -3.10589893,  0.11719183,  2.92300717,
        0.        ]), array([ 1.77691931,  0.76119251, -0.32474736,  0.01754877,  2.13254883,
        7.21970408,  4.06620292, -3.10589893,  0.11719183,  2.92300717,
        0.        ]), array([ 1.73861642,  0.74219347, -0.30803501,  0.01695476,  2.11591948,
        7.66057857,  3.79980888, -3.34247028,  0.11880163,  3.32587009,
        0.        ]), array([ 1.73861642,  0.74219347, -0.30803501,  0.01695476,  2.11591948,
        7.66057857,  3.79980888, -3.34247028,  0.11880163,  3.32587009,
        0.        ]), array([ 1.69810194,  0.72468872, -0.29007423,  0.0163527 ,  2.09720763,
        8.10289555,  3.50094911, -3.59215578,  0.12041174,  3.74237074,
        0.        ]), array([ 1.69810194,  0.72468872, -0.29007423,  0.0163527 ,  2.09720763,
        8.10289555,  3.50094911, -3.59215578,  0.12041174,  3.74237074,
        0.        ]), array([ 1.65538204,  0.70884717, -0.27079299,  0.01574262,  2.07635337,
        8.5439805 ,  3.16831029, -3.85624762,  0.12201684,  4.17085097,
        0.        ]), array([ 1.65538204,  0.70884717, -0.27079299,  0.01574262,  2.07635337,
        8.5439805 ,  3.16831029, -3.85624762,  0.12201684,  4.17085097,
        0.        ]), array([ 1.61047832,  0.69484332, -0.25011222,  0.01512456,  2.0533072 ,
        8.98074418,  2.80076923, -4.1361543 ,  0.12361117,  4.60923516,
        0.        ]), array([ 1.61047832,  0.69484332, -0.25011222,  0.01512456,  2.0533072 ,
        8.98074418,  2.80076923, -4.1361543 ,  0.12361117,  4.60923516,
        0.        ]), array([ 1.56343009,  0.68285603, -0.22794522,  0.01449862,  2.02803235,
        9.40964576,  2.39745846, -4.43339886,  0.12518849,  5.05496887,
        0.        ]), array([ 1.56343009,  0.68285603, -0.22794522,  0.01449862,  2.02803235,
        9.40964576,  2.39745846, -4.43339886,  0.12518849,  5.05496887,
        0.        ]), array([ 1.5142968 ,  0.6730668 , -0.20419717,  0.01386491,  2.00050759,
        9.82665772,  1.95784554, -4.74961052,  0.12674209,  5.50495203,
        0.        ]), array([ 1.5142968 ,  0.6730668 , -0.20419717,  0.01386491,  2.00050759,
        9.82665772,  1.95784554, -4.74961052,  0.12674209,  5.50495203,
        0.        ]), array([ 1.46316062,  0.66565766, -0.17876464,  0.01322359,  1.97073025,
       10.22723525,  1.48182805, -5.08650669,  0.12826473,  5.95546795,
        0.        ]), array([ 1.46316062,  0.66565766, -0.17876464,  0.01322359,  1.97073025,
       10.22723525,  1.48182805, -5.08650669,  0.12826473,  5.95546795,
        0.        ]), array([ 1.41012915,  0.66080843, -0.15153533,  0.01257484,  1.9387197 ,
       10.60629333,  0.96984641, -5.44586076,  0.12974866,  6.40211002,
        0.        ]), array([ 1.41012915,  0.66080843, -0.15153533,  0.01257484,  1.9387197 ,
       10.60629333,  0.96984641, -5.44586076,  0.12974866,  6.40211002,
        0.        ]), array([ 1.35533817,  0.65869335, -0.12238808,  0.01191891,  1.90452116,
       10.95819675,  0.42301633, -5.82945017,  0.13118556,  6.83970966,
        0.        ]), array([ 1.35533817,  0.65869335, -0.12238808,  0.01191891,  1.90452116,
       10.95819675,  0.42301633, -5.82945017,  0.13118556,  6.83970966,
        0.        ]), array([ 1.29895432e+00,  6.59476938e-01, -9.11931965e-02,  1.12560822e-02,
        1.86820980e+00,  1.12767697e+01, -1.56718007e-01, -6.23897711e+00,
        1.32566530e-01,  7.26227077e+00,  0.00000000e+00]), array([ 1.29895432e+00,  6.59476938e-01, -9.11931965e-02,  1.12560822e-02,
        1.86820980e+00,  1.12767697e+01, -1.56718007e-01, -6.23897711e+00,
        1.32566530e-01,  7.26227077e+00,  0.00000000e+00]), array([ 1.24117765e+00,  6.63308989e-01, -5.78134325e-02,  1.05866723e-02,
        1.82989521e+00,  1.15553342e+01, -7.66410169e-01, -6.67595280e+00,
        1.33881998e-01,  7.66291871e+00,  0.00000000e+00]), array([ 1.24117765e+00,  6.63308989e-01, -5.78134325e-02,  1.05866723e-02,
        1.82989521e+00,  1.15553342e+01, -7.66410169e-01, -6.67595280e+00,
        1.33881998e-01,  7.66291871e+00,  0.00000000e+00]), array([ 1.18224371e+00,  6.70318588e-01, -2.21057605e-02,  9.91106375e-03,
        1.78972583e+00,  1.17867890e+01, -1.40191973e+00, -7.14153440e+00,
        1.35121700e-01,  8.03387514e+00,  0.00000000e+00]), array([ 1.18224371e+00,  6.70318588e-01, -2.21057605e-02,  9.91106375e-03,
        1.78972583e+00,  1.17867890e+01, -1.40191973e+00, -7.14153440e+00,
        1.35121700e-01,  8.03387514e+00,  0.00000000e+00]), array([ 1.12242499e+00,  6.80607132e-01,  1.60757528e-02,  9.22969081e-03,
        1.74789346e+00,  1.19637432e+01, -2.05770892e+00, -7.63630267e+00,
        1.36274588e-01,  8.36647384e+00,  0.00000000e+00]), array([ 1.12242499e+00,  6.80607132e-01,  1.60757528e-02,  9.22969081e-03,
        1.74789346e+00,  1.19637432e+01, -2.05770892e+00, -7.63630267e+00,
        1.36274588e-01,  8.36647384e+00,  0.00000000e+00]), array([ 1.06203139e+00,  6.94240331e-01,  5.68755977e-02,  8.54304708e-03,
        1.70463728e+00,  1.20787207e+01, -2.72663968e+00, -8.15996897e+00,
        1.37328746e-01,  8.65123747e+00,  0.00000000e+00]), array([ 1.06203139e+00,  6.94240331e-01,  5.68755977e-02,  8.54304708e-03,
        1.70463728e+00,  1.20787207e+01, -2.72663968e+00, -8.15996897e+00,
        1.37328746e-01,  8.65123747e+00,  0.00000000e+00]), array([ 1.00140912e+00,  7.11239285e-01,  1.00430616e-01,  7.85169065e-03,
        1.66024708e+00,  1.21244531e+01, -3.39979081e+00, -8.71100367e+00,
        1.38271287e-01,  8.87803903e+00,  0.00000000e+00]), array([ 1.00140912e+00,  7.11239285e-01,  1.00430616e-01,  7.85169065e-03,
        1.66024708e+00,  1.21244531e+01, -3.39979081e+00, -8.71100367e+00,
        1.38271287e-01,  8.87803903e+00,  0.00000000e+00]), array([ 9.40937758e-01,  7.31570908e-01,  1.46861544e-01,  7.15624940e-03,
        1.61506521e+00,  1.20942728e+01, -4.06632463e+00, -9.28618566e+00,
        1.39088250e-01,  9.03637467e+00,  0.00000000e+00]), array([ 9.40937758e-01,  7.31570908e-01,  1.46861544e-01,  7.15624940e-03,
        1.61506521e+00,  1.20942728e+01, -4.06632463e+00, -9.28618566e+00,
        1.39088250e-01,  9.03637467e+00,  0.00000000e+00]), array([ 8.81024698e-01,  7.55138123e-01,  1.96261983e-01,  6.45742698e-03,
        1.56948634e+00,  1.19826119e+01, -4.71344300e+00, -9.88008769e+00,
        1.39764484e-01,  9.11577342e+00,  0.00000000e+00]), array([ 8.81024698e-01,  7.55138123e-01,  1.96261983e-01,  6.45742698e-03,
        1.56948634e+00,  1.19826119e+01, -4.71344300e+00, -9.88008769e+00,
        1.39764484e-01,  9.11577342e+00,  0.00000000e+00]), array([ 8.22096723e-01,  7.81770529e-01,  2.48684654e-01,  5.75600917e-03,
        1.52395453e+00,  1.17855951e+01, -5.32648124e+00, -1.04845342e+01,
        1.40283561e-01,  9.10636271e+00,  0.00000000e+00]), array([ 8.22096723e-01,  7.81770529e-01,  2.48684654e-01,  5.75600917e-03,
        1.52395453e+00,  1.17855951e+01, -5.32648124e+00, -1.04845342e+01,
        1.40283561e-01,  9.10636271e+00,  0.00000000e+00]), array([ 7.64588289e-01,  8.11216482e-01,  3.04125148e-01,  5.05287056e-03,
        1.47895657e+00,  1.15016867e+01, -5.88919056e+00, -1.10880989e+01,
        1.40627723e-01,  8.99959183e+00,  0.00000000e+00]), array([ 7.64588289e-01,  8.11216482e-01,  3.04125148e-01,  5.05287056e-03,
        1.47895657e+00,  1.15016867e+01, -5.88919056e+00, -1.10880989e+01,
        1.40627723e-01,  8.99959183e+00,  0.00000000e+00]), array([ 7.08926690e-01,  8.43137729e-01,  3.62503861e-01,  4.34898112e-03,
        1.43501112e+00,  1.11323199e+01, -6.38424940e+00, -1.16757427e+01,
        1.40777889e-01,  8.78908897e+00,  0.00000000e+00]), array([ 7.08926690e-01,  8.43137729e-01,  3.62503861e-01,  4.34898112e-03,
        1.43501112e+00,  1.11323199e+01, -6.38424940e+00, -1.16757427e+01,
        1.40777889e-01,  8.78908897e+00,  0.00000000e+00]), array([ 6.55514687e-01,  8.77107803e-01,  4.23647459e-01,  3.64541223e-03,
        1.39265318e+00,  1.06824005e+01, -6.79401487e+00, -1.22287196e+01,
        1.40713777e-01,  8.47158936e+00,  0.00000000e+00]), array([ 6.55514687e-01,  8.77107803e-01,  4.23647459e-01,  3.64541223e-03,
        1.39265318e+00,  1.06824005e+01, -6.79401487e+00, -1.22287196e+01,
        1.40713777e-01,  8.47158936e+00,  0.00000000e+00]), array([ 6.04711924e-01,  9.12615181e-01,  4.87271896e-01,  2.94334146e-03,
        1.35241403e+00,  1.01605526e+01, -7.10147548e+00, -1.27248873e+01,
        1.40414155e-01,  8.04783007e+00,  0.00000000e+00]), array([ 6.04711924e-01,  9.12615181e-01,  4.87271896e-01,  2.94334146e-03,
        1.35241403e+00,  1.01605526e+01, -7.10147548e+00, -1.27248873e+01,
        1.40414155e-01,  8.04783007e+00,  0.00000000e+00]), array([ 5.56817010e-01,  9.49071695e-01,  5.52969535e-01,  2.24405515e-03,
        1.31479767e+00,  9.57898280e+00, -7.29130281e+00, -1.31395279e+01,
        1.39857261e-01,  7.52327099e+00,  0.00000000e+00]), array([ 5.56817010e-01,  9.49071695e-01,  5.52969535e-01,  2.24405515e-03,
        1.31479767e+00,  9.57898280e+00, -7.29130281e+00, -1.31395279e+01,
        1.39857261e-01,  7.52327099e+00,  0.00000000e+00]), array([ 5.12052590e-01,  9.85825900e-01,  6.20203078e-01,  1.54894816e-03,
        1.28025524e+00,  8.95288398e+00, -7.35084108e+00, -1.34467085e+01,
        1.39021399e-01,  6.90848650e+00,  0.00000000e+00]), array([ 5.12052590e-01,  9.85825900e-01,  6.20203078e-01,  1.54894816e-03,
        1.28025524e+00,  8.95288398e+00, -7.35084108e+00, -1.34467085e+01,
        1.39021399e-01,  6.90848650e+00,  0.00000000e+00]), array([ 4.70555606e-01,  1.02218014e+00,  6.88308572e-01,  8.59519672e-04,
        1.24915978e+00,  8.29939680e+00, -7.27084886e+00, -1.36210988e+01,
        1.37885697e-01,  6.21909219e+00,  0.00000000e+00]), array([ 4.70555606e-01,  1.02218014e+00,  6.88308572e-01,  8.59519672e-04,
        1.24915978e+00,  8.29939680e+00, -7.27084886e+00, -1.36210988e+01,
        1.37885697e-01,  6.21909219e+00,  0.00000000e+00]), array([ 4.32374325e-01,  1.05740934e+00,  7.56508698e-01,  1.77364781e-04,
        1.22178413e+00,  7.63625631e+00, -7.04583907e+00, -1.36400252e+01,
        1.36430978e-01,  5.47512971e+00,  0.00000000e+00]), array([ 4.32374325e-01,  1.05740934e+00,  7.56508698e-01,  1.77364781e-04,
        1.22178413e+00,  7.63625631e+00, -7.04583907e+00, -1.36400252e+01,
        1.36430978e-01,  5.47512971e+00,  0.00000000e+00]), array([ 3.97472610e-01,  1.09077912e+00,  8.23935943e-01, -4.95838623e-04,
        1.19828452e+00,  6.98034300e+00, -6.67395660e+00, -1.34854491e+01,
        1.34640681e-01,  4.69992085e+00,  0.00000000e+00]), array([ 3.97472610e-01,  1.09077912e+00,  8.23935943e-01, -4.95838623e-04,
        1.19828452e+00,  6.98034300e+00, -6.67395660e+00, -1.34854491e+01,
        1.34640681e-01,  4.69992085e+00,  0.00000000e+00]), array([ 3.65740685e-01,  1.12156141e+00,  8.89663563e-01, -1.15834727e-03,
        1.17869204e+00,  6.34638498e+00, -6.15645700e+00, -1.31455238e+01,
        1.32501729e-01,  3.91849647e+00,  0.00000000e+00]), array([ 3.65740685e-01,  1.12156141e+00,  8.89663563e-01, -1.15834727e-03,
        1.17869204e+00,  6.34638498e+00, -6.15645700e+00, -1.31455238e+01,
        1.32501729e-01,  3.91849647e+00,  0.00000000e+00]), array([ 3.37010656e-01,  1.14904619e+00,  9.52740821e-01, -1.80837367e-03,
        1.16291315e+00,  5.74600572e+00, -5.49695595e+00, -1.26154516e+01,
        1.30005280e-01,  3.15577943e+00,  0.00000000e+00]), array([ 3.37010656e-01,  1.14904619e+00,  9.52740821e-01, -1.80837367e-03,
        1.16291315e+00,  5.74600572e+00, -5.49695595e+00, -1.26154516e+01,
        1.30005280e-01,  3.15577943e+00,  0.00000000e+00]), array([ 3.11074638e-01,  1.17254949e+00,  1.01222835e+00, -2.44411000e-03,
        1.15073949e+00,  5.18720365e+00, -4.70066084e+00, -1.18975063e+01,
        1.27147265e-01,  2.43473187e+00,  0.00000000e+00]), array([ 3.11074638e-01,  1.17254949e+00,  1.01222835e+00, -2.44411000e-03,
        1.15073949e+00,  5.18720365e+00, -4.70066084e+00, -1.18975063e+01,
        1.27147265e-01,  2.43473187e+00,  0.00000000e+00]), array([ 2.87703466e-01,  1.19141829e+00,  1.06722966e+00, -3.06375350e-03,
        1.14186618e+00,  4.67423448e+00, -3.77375987e+00, -1.10002614e+01,
        1.23928700e-01,  1.77466134e+00,  0.00000000e+00]), array([ 2.87703466e-01,  1.19141829e+00,  1.06722966e+00, -3.06375350e-03,
        1.14186618e+00,  4.67423448e+00, -3.77375987e+00, -1.10002614e+01,
        1.23928700e-01,  1.77466134e+00,  0.00000000e+00]), array([ 2.66664503e-01,  1.20503357e+00,  1.11691578e+00, -3.66553221e-03,
        1.13591705e+00,  4.20779254e+00, -2.72305550e+00, -9.93722359e+00,
        1.20355743e-01,  1.18982576e+00,  0.00000000e+00]), array([ 2.66664503e-01,  1.20503357e+00,  1.11691578e+00, -3.66553221e-03,
        1.13591705e+00,  4.20779254e+00, -2.72305550e+00, -9.93722359e+00,
        1.20355743e-01,  1.18982576e+00,  0.00000000e+00]), array([ 2.47737643e-01,  1.21281274e+00,  1.16054159e+00, -4.24772988e-03,
        1.13247502e+00,  3.78537191e+00, -1.55583348e+00, -8.72516309e+00,
        1.16439534e-01,  6.88405289e-01,  0.00000000e+00]), array([ 2.47737643e-01,  1.21281274e+00,  1.16054159e+00, -4.24772988e-03,
        1.13247502e+00,  3.78537191e+00, -1.55583348e+00, -8.72516309e+00,
        1.16439534e-01,  6.88405289e-01,  0.00000000e+00]), array([ 2.30729047e-01,  1.21421220e+00,  1.19745390e+00, -4.80870918e-03,
        1.13111583e+00,  3.40171937e+00, -2.79893596e-01, -7.38246133e+00,
        1.12195860e-01,  2.71839302e-01,  0.00000000e+00]), array([ 2.30729047e-01,  1.21421220e+00,  1.19745390e+00, -4.80870918e-03,
        1.13111583e+00,  3.40171937e+00, -2.79893596e-01, -7.38246133e+00,
        1.12195860e-01,  2.71839302e-01,  0.00000000e+00]), array([ 2.15482346e-01,  1.20873044e+00,  1.22709266e+00, -5.34693268e-03,
        1.13144344e+00,  3.04934013e+00,  1.09635304e+00, -5.92775290e+00,
        1.07644700e-01, -6.55228535e-02,  0.00000000e+00]), array([ 2.15482346e-01,  1.20873044e+00,  1.22709266e+00, -5.34693268e-03,
        1.13144344e+00,  3.04934013e+00,  1.09635304e+00, -5.92775290e+00,
        1.07644700e-01, -6.55228535e-02,  0.00000000e+00]), array([ 0.20188707,  1.19591142,  1.24898801, -0.00586098,  1.1331261 ,
        2.71905561,  2.56380412, -4.37906849,  0.10280973, -0.33653072,
        0.        ]), array([ 0.20188707,  1.19591142,  1.24898801, -0.00586098,  1.1331261 ,
        2.71905561,  2.56380412, -4.37906849,  0.10280973, -0.33653072,
        0.        ]), array([ 0.18988392,  1.17534809,  1.26275602, -0.00634957,  1.13593192,
        2.40062943,  4.11266514, -2.75360174,  0.09771784, -0.5611651 ,
        0.        ]), array([ 0.18988392,  1.17534809,  1.26275602, -0.00634957,  1.13593192,
        2.40062943,  4.11266514, -2.75360174,  0.09771784, -0.5611651 ,
        0.        ]), array([ 0.17946656,  1.14668524,  1.26809675, -0.00681156,  1.13976353,
        2.08347119,  5.73256979, -1.06814758,  0.09239875, -0.76632113,
        0.        ]), array([ 0.17946656,  1.14668524,  1.26809675, -0.00681156,  1.13976353,
        2.08347119,  5.73256979, -1.06814758,  0.09239875, -0.76632113,
        0.        ]), array([ 1.70679535e-01,  1.10962098e+00,  1.26479771e+00, -7.24598815e-03,
        1.14469058e+00,  1.75740603e+00,  7.41285358e+00,  6.59808560e-01,
        8.68847764e-02, -9.85411224e-01,  0.00000000e+00]), array([ 1.70679535e-01,  1.10962098e+00,  1.26479771e+00, -7.24598815e-03,
        1.14469058e+00,  1.75740603e+00,  7.41285358e+00,  6.59808560e-01,
        8.68847764e-02, -9.85411224e-01,  0.00000000e+00]), array([ 1.63612194e-01,  1.06390597e+00,  1.25274548e+00, -7.65204171e-03,
        1.15097902e+00,  1.41346822e+00,  9.14300043e+00,  2.41044696e+00,
        8.12107114e-02, -1.25768811e+00,  0.00000000e+00]), array([ 1.63612194e-01,  1.06390597e+00,  1.25274548e+00, -7.65204171e-03,
        1.15097902e+00,  1.41346822e+00,  9.14300043e+00,  2.41044696e+00,
        8.12107114e-02, -1.25768811e+00,  0.00000000e+00]), array([ 1.58388950e-01,  1.00933970e+00,  1.23194739e+00, -8.02911155e-03,
        1.15911465e+00,  1.04464861e+00,  1.09132545e+01,  4.15961752e+00,
        7.54139677e-02, -1.62712557e+00,  0.00000000e+00]), array([ 1.58388950e-01,  1.00933970e+00,  1.23194739e+00, -8.02911155e-03,
        1.15911465e+00,  1.04464861e+00,  1.09132545e+01,  4.15961752e+00,
        7.54139677e-02, -1.62712557e+00,  0.00000000e+00]), array([ 1.55156390e-01,  9.45763034e-01,  1.20256314e+00, -8.37678560e-03,
        1.16981797e+00,  6.46512129e-01,  1.27153334e+01,  5.87684970e+00,
        6.95348106e-02, -2.14066290e+00,  0.00000000e+00]), array([ 1.55156390e-01,  9.45763034e-01,  1.20256314e+00, -8.37678560e-03,
        1.16981797e+00,  6.46512129e-01,  1.27153334e+01,  5.87684970e+00,
        6.95348106e-02, -2.14066290e+00,  0.00000000e+00]), array([ 1.54068293e-01,  8.73047521e-01,  1.16494350e+00, -8.69486880e-03,
        1.18404625e+00,  2.17619358e-01,  1.45431027e+01,  7.52392706e+00,
        6.36166398e-02, -2.84565654e+00,  0.00000000e+00]), array([ 1.54068293e-01,  8.73047521e-01,  1.16494350e+00, -8.69486880e-03,
        1.18404625e+00,  2.17619358e-01,  1.45431027e+01,  7.52392706e+00,
        6.36166398e-02, -2.84565654e+00,  0.00000000e+00]), array([ 1.55269547e-01,  7.91082473e-01,  1.11966966e+00, -8.98339924e-03,
        1.20297888e+00, -2.40250728e-01,  1.63930095e+01,  9.05476906e+00,
        5.77060891e-02, -3.78652568e+00,  0.00000000e+00]), array([ 1.55269547e-01,  7.91082473e-01,  1.11966966e+00, -8.98339924e-03,
        1.20297888e+00, -2.40250728e-01,  1.63930095e+01,  9.05476906e+00,
        5.77060891e-02, -3.78652568e+00,  0.00000000e+00]), array([ 1.58879499e-01,  6.99761979e-01,  1.06758268e+00, -9.24266246e-03,
        1.22798310e+00, -7.21990465e-01,  1.82640989e+01,  1.04173962e+01,
        5.18526440e-02, -5.00084457e+00,  0.00000000e+00]), array([ 1.58879499e-01,  6.99761979e-01,  1.06758268e+00, -9.24266246e-03,
        1.22798310e+00, -7.21990465e-01,  1.82640989e+01,  1.04173962e+01,
        5.18526440e-02, -5.00084457e+00,  0.00000000e+00]), array([ 1.64974650e-01,  5.98973968e-01,  1.00979038e+00, -9.47319973e-03,
        1.26056049e+00, -1.21903018e+00,  2.01576022e+01,  1.15584588e+01,
        4.61074532e-02, -6.51547737e+00,  0.00000000e+00]), array([ 1.64974650e-01,  5.98973968e-01,  1.00979038e+00, -9.47319973e-03,
        1.26056049e+00, -1.21903018e+00,  2.01576022e+01,  1.15584588e+01,
        4.61074532e-02, -6.51547737e+00,  0.00000000e+00]), array([ 1.73570311e-01,  4.88592171e-01,  9.47639985e-01, -9.67580532e-03,
        1.30227868e+00, -1.71913216e+00,  2.20763594e+01,  1.24300796e+01,
        4.05211185e-02, -8.34363969e+00,  0.00000000e+00]), array([ 1.73570311e-01,  4.88592171e-01,  9.47639985e-01, -9.67580532e-03,
        1.30227868e+00, -1.71913216e+00,  2.20763594e+01,  1.24300796e+01,
        4.05211185e-02, -8.34363969e+00,  0.00000000e+00]), array([ 1.84601844e-01,  3.68469450e-01,  8.82651299e-01, -9.85150797e-03,
        1.35469775e+00, -2.20630661e+00,  2.40245442e+01,  1.29977372e+01,
        3.51405293e-02, -1.04838128e+01,  0.00000000e+00]), array([ 1.84601844e-01,  3.68469450e-01,  8.82651299e-01, -9.85150797e-03,
        1.35469775e+00, -2.20630661e+00,  2.40245442e+01,  1.29977372e+01,
        3.51405293e-02, -1.04838128e+01,  0.00000000e+00]), array([ 1.97908345e-01,  2.38429044e-01,  8.16415955e-01, -1.00015337e-02,
        1.41930321e+00, -2.66130027e+00,  2.60080812e+01,  1.32470689e+01,
        3.00051439e-02, -1.29210929e+01,  0.00000000e+00]), array([ 1.97908345e-01,  2.38429044e-01,  8.16415955e-01, -1.00015337e-02,
        1.41930321e+00, -2.66130027e+00,  2.60080812e+01,  1.32470689e+01,
        3.00051439e-02, -1.29210929e+01,  0.00000000e+00])]]